name: keras-cpu-windows
channels:
- conda-forge
- defaults
dependencies:
- backports=1.0=py36_1
- backports.functools_lru_cache=1.4=py36_1
- backports.weakref=1.0rc1=py36_1
- bleach=1.5.0=py36_0
- ca-certificates=2017.7.27.1=0
- certifi=2017.7.27.1=py36_0
- cycler=0.10.0=py36_0
- freetype=2.7=vc14_1
- h5py=2.7.1=py36_1
- hdf5=1.8.18=vc14_1
- html5lib=0.9999999=py36_0
- icu=58.1=vc14_1
- jpeg=9b=vc14_1
- keras=2.0.6=py36_0
- libgpuarray=0.7.4=vc14_0
- libpng=1.6.28=vc14_1
- libtiff=4.0.7=vc14_0
- mako=1.0.7=py36_0
- markdown=2.6.9=py36_0
- markupsafe=1.0=py36_0
- matplotlib=2.1.0=py36_1
- mock=2.0.0=py36_0
- olefile=0.44=py36_0
- openssl=1.0.2l=vc14_0
- pandas=0.21.0=py36_0
- pbr=3.1.1=py36_0
- pillow=4.3.0=py36_0
- pip=9.0.1=py36_0
- protobuf=3.4.0=py36_vc14_0
- pygpu=0.7.4=py36_0
- pyparsing=2.2.0=py36_0
- pyqt=5.6.0=py36_4
- python=3.6.3=0
- python-dateutil=2.6.1=py36_0
- pytz=2017.3=py_2
- pyyaml=3.12=py36_1
- qt=5.6.2=vc14_1
- setuptools=36.6.0=py36_1
- sip=4.18=py36_1
- six=1.11.0=py36_1
- tensorflow=1.3.0=py36_0
- theano=0.9.0=py36_1
- tornado=4.5.2=py36_0
- vc=14=0
- vs2015_runtime=14.0.25420=0
- webencodings=0.5=py36_0
- werkzeug=0.12.2=py_1
- wheel=0.30.0=py_1
- wincertstore=0.2=py36_0
- yaml=0.1.6=vc14_0
- zlib=1.2.8=vc14_3
- mkl=2017.0.3=0
- numpy=1.13.1=py36_0
- scikit-learn=0.19.0=np113py36_0
- scipy=0.19.1=np113py36_0
- pip:
  - backports.functools-lru-cache==1.4
prefix: C:\Users\dannox\.conda\envs\keras-cpu-windows

